 count | bitstring | hInt  | hidd 
-------+-----------+-------+------
     0 |           |     0 |    1
     1 | 0         |     1 |    2
     2 | 00        |     2 |    4
     3 | 000       |     3 |    8
     4 | 0000      |     4 |   16
     5 | 00000     |     5 |   32
     6 | 000000    |     6 |   64
     7 | 0000000   |     7 |  128
     8 | 00000000  |     8 |  256
     9 | 00000001  |   136 |  257
    10 | 0000001   |   263 |  129
    11 | 00000010  |   264 |  258
    12 | 00000011  |   392 |  259
    13 | 000001    |   518 |   65
    14 | 0000010   |   519 |  130
    15 | 00000100  |   520 |  260
    16 | 00000101  |   648 |  261
    17 | 0000011   |   775 |  131
    18 | 00000110  |   776 |  262
    19 | 00000111  |   904 |  263
    20 | 00001     |  1029 |   33
    21 | 000010    |  1030 |   66
    22 | 0000100   |  1031 |  132
    23 | 00001000  |  1032 |  264
    24 | 00001001  |  1160 |  265
    25 | 0000101   |  1287 |  133
    26 | 00001010  |  1288 |  266
    27 | 00001011  |  1416 |  267
    28 | 000011    |  1542 |   67
    29 | 0000110   |  1543 |  134
    30 | 00001100  |  1544 |  268
    31 | 00001101  |  1672 |  269
    32 | 0000111   |  1799 |  135
    33 | 00001110  |  1800 |  270
    34 | 00001111  |  1928 |  271
    35 | 0001      |  2052 |   17
    36 | 00010     |  2053 |   34
    37 | 000100    |  2054 |   68
    38 | 0001000   |  2055 |  136
    39 | 00010000  |  2056 |  272
    40 | 00010001  |  2184 |  273
    41 | 0001001   |  2311 |  137
    42 | 00010010  |  2312 |  274
    43 | 00010011  |  2440 |  275
    44 | 000101    |  2566 |   69
    45 | 0001010   |  2567 |  138
    46 | 00010100  |  2568 |  276
    47 | 00010101  |  2696 |  277
    48 | 0001011   |  2823 |  139
    49 | 00010110  |  2824 |  278
    50 | 00010111  |  2952 |  279
    51 | 00011     |  3077 |   35
    52 | 000110    |  3078 |   70
    53 | 0001100   |  3079 |  140
    54 | 00011000  |  3080 |  280
    55 | 00011001  |  3208 |  281
    56 | 0001101   |  3335 |  141
    57 | 00011010  |  3336 |  282
    58 | 00011011  |  3464 |  283
    59 | 000111    |  3590 |   71
    60 | 0001110   |  3591 |  142
    61 | 00011100  |  3592 |  284
    62 | 00011101  |  3720 |  285
    63 | 0001111   |  3847 |  143
    64 | 00011110  |  3848 |  286
    65 | 00011111  |  3976 |  287
    66 | 001       |  4099 |    9
    67 | 0010      |  4100 |   18
    68 | 00100     |  4101 |   36
    69 | 001000    |  4102 |   72
    70 | 0010000   |  4103 |  144
    71 | 00100000  |  4104 |  288
    72 | 00100001  |  4232 |  289
    73 | 0010001   |  4359 |  145
    74 | 00100010  |  4360 |  290
    75 | 00100011  |  4488 |  291
    76 | 001001    |  4614 |   73
    77 | 0010010   |  4615 |  146
    78 | 00100100  |  4616 |  292
    79 | 00100101  |  4744 |  293
    80 | 0010011   |  4871 |  147
    81 | 00100110  |  4872 |  294
    82 | 00100111  |  5000 |  295
    83 | 00101     |  5125 |   37
    84 | 001010    |  5126 |   74
    85 | 0010100   |  5127 |  148
    86 | 00101000  |  5128 |  296
    87 | 00101001  |  5256 |  297
    88 | 0010101   |  5383 |  149
    89 | 00101010  |  5384 |  298
    90 | 00101011  |  5512 |  299
    91 | 001011    |  5638 |   75
    92 | 0010110   |  5639 |  150
    93 | 00101100  |  5640 |  300
    94 | 00101101  |  5768 |  301
    95 | 0010111   |  5895 |  151
    96 | 00101110  |  5896 |  302
    97 | 00101111  |  6024 |  303
    98 | 0011      |  6148 |   19
    99 | 00110     |  6149 |   38
   100 | 001100    |  6150 |   76
   101 | 0011000   |  6151 |  152
   102 | 00110000  |  6152 |  304
   103 | 00110001  |  6280 |  305
   104 | 0011001   |  6407 |  153
   105 | 00110010  |  6408 |  306
   106 | 00110011  |  6536 |  307
   107 | 001101    |  6662 |   77
   108 | 0011010   |  6663 |  154
   109 | 00110100  |  6664 |  308
   110 | 00110101  |  6792 |  309
   111 | 0011011   |  6919 |  155
   112 | 00110110  |  6920 |  310
   113 | 00110111  |  7048 |  311
   114 | 00111     |  7173 |   39
   115 | 001110    |  7174 |   78
   116 | 0011100   |  7175 |  156
   117 | 00111000  |  7176 |  312
   118 | 00111001  |  7304 |  313
   119 | 0011101   |  7431 |  157
   120 | 00111010  |  7432 |  314
   121 | 00111011  |  7560 |  315
   122 | 001111    |  7686 |   79
   123 | 0011110   |  7687 |  158
   124 | 00111100  |  7688 |  316
   125 | 00111101  |  7816 |  317
   126 | 0011111   |  7943 |  159
   127 | 00111110  |  7944 |  318
   128 | 00111111  |  8072 |  319
   129 | 01        |  8194 |    5
   130 | 010       |  8195 |   10
   131 | 0100      |  8196 |   20
   132 | 01000     |  8197 |   40
   133 | 010000    |  8198 |   80
   134 | 0100000   |  8199 |  160
   135 | 01000000  |  8200 |  320
   136 | 01000001  |  8328 |  321
   137 | 0100001   |  8455 |  161
   138 | 01000010  |  8456 |  322
   139 | 01000011  |  8584 |  323
   140 | 010001    |  8710 |   81
   141 | 0100010   |  8711 |  162
   142 | 01000100  |  8712 |  324
   143 | 01000101  |  8840 |  325
   144 | 0100011   |  8967 |  163
   145 | 01000110  |  8968 |  326
   146 | 01000111  |  9096 |  327
   147 | 01001     |  9221 |   41
   148 | 010010    |  9222 |   82
   149 | 0100100   |  9223 |  164
   150 | 01001000  |  9224 |  328
   151 | 01001001  |  9352 |  329
   152 | 0100101   |  9479 |  165
   153 | 01001010  |  9480 |  330
   154 | 01001011  |  9608 |  331
   155 | 010011    |  9734 |   83
   156 | 0100110   |  9735 |  166
   157 | 01001100  |  9736 |  332
   158 | 01001101  |  9864 |  333
   159 | 0100111   |  9991 |  167
   160 | 01001110  |  9992 |  334
   161 | 01001111  | 10120 |  335
   162 | 0101      | 10244 |   21
   163 | 01010     | 10245 |   42
   164 | 010100    | 10246 |   84
   165 | 0101000   | 10247 |  168
   166 | 01010000  | 10248 |  336
   167 | 01010001  | 10376 |  337
   168 | 0101001   | 10503 |  169
   169 | 01010010  | 10504 |  338
   170 | 01010011  | 10632 |  339
   171 | 010101    | 10758 |   85
   172 | 0101010   | 10759 |  170
   173 | 01010100  | 10760 |  340
   174 | 01010101  | 10888 |  341
   175 | 0101011   | 11015 |  171
   176 | 01010110  | 11016 |  342
   177 | 01010111  | 11144 |  343
   178 | 01011     | 11269 |   43
   179 | 010110    | 11270 |   86
   180 | 0101100   | 11271 |  172
   181 | 01011000  | 11272 |  344
   182 | 01011001  | 11400 |  345
   183 | 0101101   | 11527 |  173
   184 | 01011010  | 11528 |  346
   185 | 01011011  | 11656 |  347
   186 | 010111    | 11782 |   87
   187 | 0101110   | 11783 |  174
   188 | 01011100  | 11784 |  348
   189 | 01011101  | 11912 |  349
   190 | 0101111   | 12039 |  175
   191 | 01011110  | 12040 |  350
   192 | 01011111  | 12168 |  351
   193 | 011       | 12291 |   11
   194 | 0110      | 12292 |   22
   195 | 01100     | 12293 |   44
   196 | 011000    | 12294 |   88
   197 | 0110000   | 12295 |  176
   198 | 01100000  | 12296 |  352
   199 | 01100001  | 12424 |  353
   200 | 0110001   | 12551 |  177
   201 | 01100010  | 12552 |  354
   202 | 01100011  | 12680 |  355
   203 | 011001    | 12806 |   89
   204 | 0110010   | 12807 |  178
   205 | 01100100  | 12808 |  356
   206 | 01100101  | 12936 |  357
   207 | 0110011   | 13063 |  179
   208 | 01100110  | 13064 |  358
   209 | 01100111  | 13192 |  359
   210 | 01101     | 13317 |   45
   211 | 011010    | 13318 |   90
   212 | 0110100   | 13319 |  180
   213 | 01101000  | 13320 |  360
   214 | 01101001  | 13448 |  361
   215 | 0110101   | 13575 |  181
   216 | 01101010  | 13576 |  362
   217 | 01101011  | 13704 |  363
   218 | 011011    | 13830 |   91
   219 | 0110110   | 13831 |  182
   220 | 01101100  | 13832 |  364
   221 | 01101101  | 13960 |  365
   222 | 0110111   | 14087 |  183
   223 | 01101110  | 14088 |  366
   224 | 01101111  | 14216 |  367
   225 | 0111      | 14340 |   23
   226 | 01110     | 14341 |   46
   227 | 011100    | 14342 |   92
   228 | 0111000   | 14343 |  184
   229 | 01110000  | 14344 |  368
   230 | 01110001  | 14472 |  369
   231 | 0111001   | 14599 |  185
   232 | 01110010  | 14600 |  370
   233 | 01110011  | 14728 |  371
   234 | 011101    | 14854 |   93
   235 | 0111010   | 14855 |  186
   236 | 01110100  | 14856 |  372
   237 | 01110101  | 14984 |  373
   238 | 0111011   | 15111 |  187
   239 | 01110110  | 15112 |  374
   240 | 01110111  | 15240 |  375
   241 | 01111     | 15365 |   47
   242 | 011110    | 15366 |   94
   243 | 0111100   | 15367 |  188
   244 | 01111000  | 15368 |  376
   245 | 01111001  | 15496 |  377
   246 | 0111101   | 15623 |  189
   247 | 01111010  | 15624 |  378
   248 | 01111011  | 15752 |  379
   249 | 011111    | 15878 |   95
   250 | 0111110   | 15879 |  190
   251 | 01111100  | 15880 |  380
   252 | 01111101  | 16008 |  381
   253 | 0111111   | 16135 |  191
   254 | 01111110  | 16136 |  382
   255 | 01111111  | 16264 |  383
   256 | 1         | 16385 |    3
   257 | 10        | 16386 |    6
   258 | 100       | 16387 |   12
   259 | 1000      | 16388 |   24
   260 | 10000     | 16389 |   48
   261 | 100000    | 16390 |   96
   262 | 1000000   | 16391 |  192
   263 | 10000000  | 16392 |  384
   264 | 10000001  | 16520 |  385
   265 | 1000001   | 16647 |  193
   266 | 10000010  | 16648 |  386
   267 | 10000011  | 16776 |  387
   268 | 100001    | 16902 |   97
   269 | 1000010   | 16903 |  194
   270 | 10000100  | 16904 |  388
   271 | 10000101  | 17032 |  389
   272 | 1000011   | 17159 |  195
   273 | 10000110  | 17160 |  390
   274 | 10000111  | 17288 |  391
   275 | 10001     | 17413 |   49
   276 | 100010    | 17414 |   98
   277 | 1000100   | 17415 |  196
   278 | 10001000  | 17416 |  392
   279 | 10001001  | 17544 |  393
   280 | 1000101   | 17671 |  197
   281 | 10001010  | 17672 |  394
   282 | 10001011  | 17800 |  395
   283 | 100011    | 17926 |   99
   284 | 1000110   | 17927 |  198
   285 | 10001100  | 17928 |  396
   286 | 10001101  | 18056 |  397
   287 | 1000111   | 18183 |  199
   288 | 10001110  | 18184 |  398
   289 | 10001111  | 18312 |  399
   290 | 1001      | 18436 |   25
   291 | 10010     | 18437 |   50
   292 | 100100    | 18438 |  100
   293 | 1001000   | 18439 |  200
   294 | 10010000  | 18440 |  400
   295 | 10010001  | 18568 |  401
   296 | 1001001   | 18695 |  201
   297 | 10010010  | 18696 |  402
   298 | 10010011  | 18824 |  403
   299 | 100101    | 18950 |  101
   300 | 1001010   | 18951 |  202
   301 | 10010100  | 18952 |  404
   302 | 10010101  | 19080 |  405
   303 | 1001011   | 19207 |  203
   304 | 10010110  | 19208 |  406
   305 | 10010111  | 19336 |  407
   306 | 10011     | 19461 |   51
   307 | 100110    | 19462 |  102
   308 | 1001100   | 19463 |  204
   309 | 10011000  | 19464 |  408
   310 | 10011001  | 19592 |  409
   311 | 1001101   | 19719 |  205
   312 | 10011010  | 19720 |  410
   313 | 10011011  | 19848 |  411
   314 | 100111    | 19974 |  103
   315 | 1001110   | 19975 |  206
   316 | 10011100  | 19976 |  412
   317 | 10011101  | 20104 |  413
   318 | 1001111   | 20231 |  207
   319 | 10011110  | 20232 |  414
   320 | 10011111  | 20360 |  415
   321 | 101       | 20483 |   13
   322 | 1010      | 20484 |   26
   323 | 10100     | 20485 |   52
   324 | 101000    | 20486 |  104
   325 | 1010000   | 20487 |  208
   326 | 10100000  | 20488 |  416
   327 | 10100001  | 20616 |  417
   328 | 1010001   | 20743 |  209
   329 | 10100010  | 20744 |  418
   330 | 10100011  | 20872 |  419
   331 | 101001    | 20998 |  105
   332 | 1010010   | 20999 |  210
   333 | 10100100  | 21000 |  420
   334 | 10100101  | 21128 |  421
   335 | 1010011   | 21255 |  211
   336 | 10100110  | 21256 |  422
   337 | 10100111  | 21384 |  423
   338 | 10101     | 21509 |   53
   339 | 101010    | 21510 |  106
   340 | 1010100   | 21511 |  212
   341 | 10101000  | 21512 |  424
   342 | 10101001  | 21640 |  425
   343 | 1010101   | 21767 |  213
   344 | 10101010  | 21768 |  426
   345 | 10101011  | 21896 |  427
   346 | 101011    | 22022 |  107
   347 | 1010110   | 22023 |  214
   348 | 10101100  | 22024 |  428
   349 | 10101101  | 22152 |  429
   350 | 1010111   | 22279 |  215
   351 | 10101110  | 22280 |  430
   352 | 10101111  | 22408 |  431
   353 | 1011      | 22532 |   27
   354 | 10110     | 22533 |   54
   355 | 101100    | 22534 |  108
   356 | 1011000   | 22535 |  216
   357 | 10110000  | 22536 |  432
   358 | 10110001  | 22664 |  433
   359 | 1011001   | 22791 |  217
   360 | 10110010  | 22792 |  434
   361 | 10110011  | 22920 |  435
   362 | 101101    | 23046 |  109
   363 | 1011010   | 23047 |  218
   364 | 10110100  | 23048 |  436
   365 | 10110101  | 23176 |  437
   366 | 1011011   | 23303 |  219
   367 | 10110110  | 23304 |  438
   368 | 10110111  | 23432 |  439
   369 | 10111     | 23557 |   55
   370 | 101110    | 23558 |  110
   371 | 1011100   | 23559 |  220
   372 | 10111000  | 23560 |  440
   373 | 10111001  | 23688 |  441
   374 | 1011101   | 23815 |  221
   375 | 10111010  | 23816 |  442
   376 | 10111011  | 23944 |  443
   377 | 101111    | 24070 |  111
   378 | 1011110   | 24071 |  222
   379 | 10111100  | 24072 |  444
   380 | 10111101  | 24200 |  445
   381 | 1011111   | 24327 |  223
   382 | 10111110  | 24328 |  446
   383 | 10111111  | 24456 |  447
   384 | 11        | 24578 |    7
   385 | 110       | 24579 |   14
   386 | 1100      | 24580 |   28
   387 | 11000     | 24581 |   56
   388 | 110000    | 24582 |  112
   389 | 1100000   | 24583 |  224
   390 | 11000000  | 24584 |  448
   391 | 11000001  | 24712 |  449
   392 | 1100001   | 24839 |  225
   393 | 11000010  | 24840 |  450
   394 | 11000011  | 24968 |  451
   395 | 110001    | 25094 |  113
   396 | 1100010   | 25095 |  226
   397 | 11000100  | 25096 |  452
   398 | 11000101  | 25224 |  453
   399 | 1100011   | 25351 |  227
   400 | 11000110  | 25352 |  454
   401 | 11000111  | 25480 |  455
   402 | 11001     | 25605 |   57
   403 | 110010    | 25606 |  114
   404 | 1100100   | 25607 |  228
   405 | 11001000  | 25608 |  456
   406 | 11001001  | 25736 |  457
   407 | 1100101   | 25863 |  229
   408 | 11001010  | 25864 |  458
   409 | 11001011  | 25992 |  459
   410 | 110011    | 26118 |  115
   411 | 1100110   | 26119 |  230
   412 | 11001100  | 26120 |  460
   413 | 11001101  | 26248 |  461
   414 | 1100111   | 26375 |  231
   415 | 11001110  | 26376 |  462
   416 | 11001111  | 26504 |  463
   417 | 1101      | 26628 |   29
   418 | 11010     | 26629 |   58
   419 | 110100    | 26630 |  116
   420 | 1101000   | 26631 |  232
   421 | 11010000  | 26632 |  464
   422 | 11010001  | 26760 |  465
   423 | 1101001   | 26887 |  233
   424 | 11010010  | 26888 |  466
   425 | 11010011  | 27016 |  467
   426 | 110101    | 27142 |  117
   427 | 1101010   | 27143 |  234
   428 | 11010100  | 27144 |  468
   429 | 11010101  | 27272 |  469
   430 | 1101011   | 27399 |  235
   431 | 11010110  | 27400 |  470
   432 | 11010111  | 27528 |  471
   433 | 11011     | 27653 |   59
   434 | 110110    | 27654 |  118
   435 | 1101100   | 27655 |  236
   436 | 11011000  | 27656 |  472
   437 | 11011001  | 27784 |  473
   438 | 1101101   | 27911 |  237
   439 | 11011010  | 27912 |  474
   440 | 11011011  | 28040 |  475
   441 | 110111    | 28166 |  119
   442 | 1101110   | 28167 |  238
   443 | 11011100  | 28168 |  476
   444 | 11011101  | 28296 |  477
   445 | 1101111   | 28423 |  239
   446 | 11011110  | 28424 |  478
   447 | 11011111  | 28552 |  479
   448 | 111       | 28675 |   15
   449 | 1110      | 28676 |   30
   450 | 11100     | 28677 |   60
   451 | 111000    | 28678 |  120
   452 | 1110000   | 28679 |  240
   453 | 11100000  | 28680 |  480
   454 | 11100001  | 28808 |  481
   455 | 1110001   | 28935 |  241
   456 | 11100010  | 28936 |  482
   457 | 11100011  | 29064 |  483
   458 | 111001    | 29190 |  121
   459 | 1110010   | 29191 |  242
   460 | 11100100  | 29192 |  484
   461 | 11100101  | 29320 |  485
   462 | 1110011   | 29447 |  243
   463 | 11100110  | 29448 |  486
   464 | 11100111  | 29576 |  487
   465 | 11101     | 29701 |   61
   466 | 111010    | 29702 |  122
   467 | 1110100   | 29703 |  244
   468 | 11101000  | 29704 |  488
   469 | 11101001  | 29832 |  489
   470 | 1110101   | 29959 |  245
   471 | 11101010  | 29960 |  490
   472 | 11101011  | 30088 |  491
   473 | 111011    | 30214 |  123
   474 | 1110110   | 30215 |  246
   475 | 11101100  | 30216 |  492
   476 | 11101101  | 30344 |  493
   477 | 1110111   | 30471 |  247
   478 | 11101110  | 30472 |  494
   479 | 11101111  | 30600 |  495
   480 | 1111      | 30724 |   31
   481 | 11110     | 30725 |   62
   482 | 111100    | 30726 |  124
   483 | 1111000   | 30727 |  248
   484 | 11110000  | 30728 |  496
   485 | 11110001  | 30856 |  497
   486 | 1111001   | 30983 |  249
   487 | 11110010  | 30984 |  498
   488 | 11110011  | 31112 |  499
   489 | 111101    | 31238 |  125
   490 | 1111010   | 31239 |  250
   491 | 11110100  | 31240 |  500
   492 | 11110101  | 31368 |  501
   493 | 1111011   | 31495 |  251
   494 | 11110110  | 31496 |  502
   495 | 11110111  | 31624 |  503
   496 | 11111     | 31749 |   63
   497 | 111110    | 31750 |  126
   498 | 1111100   | 31751 |  252
   499 | 11111000  | 31752 |  504
   500 | 11111001  | 31880 |  505
   501 | 1111101   | 32007 |  253
   502 | 11111010  | 32008 |  506
   503 | 11111011  | 32136 |  507
   504 | 111111    | 32262 |  127
   505 | 1111110   | 32263 |  254
   506 | 11111100  | 32264 |  508
   507 | 11111101  | 32392 |  509
   508 | 1111111   | 32519 |  255
   509 | 11111110  | 32520 |  510
   510 | 11111111  | 32648 |  511
(511 rows)

 count | bitstring | hInt  | hidd 
-------+-----------+-------+------
     1 | 0         |     1 |    2
     2 | 1         | 16385 |    3
     3 | 00        |     2 |    4
     4 | 01        |  8194 |    5
     5 | 10        | 16386 |    6
     6 | 11        | 24578 |    7
     7 | 000       |     3 |    8
     8 | 001       |  4099 |    9
     9 | 010       |  8195 |   10
    10 | 011       | 12291 |   11
    11 | 100       | 16387 |   12
    12 | 101       | 20483 |   13
    13 | 110       | 24579 |   14
    14 | 111       | 28675 |   15
    15 | 0000      |     4 |   16
    16 | 0001      |  2052 |   17
    17 | 0010      |  4100 |   18
    18 | 0011      |  6148 |   19
    19 | 0100      |  8196 |   20
    20 | 0101      | 10244 |   21
    21 | 0110      | 12292 |   22
    22 | 0111      | 14340 |   23
    23 | 1000      | 16388 |   24
    24 | 1001      | 18436 |   25
    25 | 1010      | 20484 |   26
    26 | 1011      | 22532 |   27
    27 | 1100      | 24580 |   28
    28 | 1101      | 26628 |   29
    29 | 1110      | 28676 |   30
    30 | 1111      | 30724 |   31
    31 | 00000     |     5 |   32
    32 | 00001     |  1029 |   33
    33 | 00010     |  2053 |   34
    34 | 00011     |  3077 |   35
    35 | 00100     |  4101 |   36
(35 rows)

 err_msg | count | bitstring | hbig | kbig 
---------+-------+-----------+------+------
(0 rows)

 s | len | rval | lval | lval_rot | lval_rot+len | rval_bin | lval_bin | len_bin | bin(lval_rot+len) 
---+-----+------+------+----------+--------------+----------+----------+---------+-------------------
 0 |   1 |    0 |    0 |        0 |            1 | 0        | 0        | 1       | 01
 1 |   1 |    1 |    1 |        2 |            3 | 1        | 1        | 1       | 11
(2 rows)

 s  | len | rval | lval | lval_rot | lval_rot+len | rval_bin | lval_bin | len_bin | bin(lval_rot+len) 
----+-----+------+------+----------+--------------+----------+----------+---------+-------------------
 0  |   1 |    0 |    0 |        0 |            1 | 00       | 00       | 01      | 0001
 00 |   2 |    0 |    0 |        0 |            2 | 00       | 00       | 10      | 0010
 01 |   2 |    1 |    1 |        4 |            6 | 01       | 01       | 10      | 0110
 1  |   1 |    1 |    2 |        8 |            9 | 01       | 10       | 01      | 1001
 10 |   2 |    2 |    2 |        8 |           10 | 10       | 10       | 10      | 1010
 11 |   2 |    3 |    3 |       12 |           14 | 11       | 11       | 10      | 1110
(6 rows)

  s  | len | rval | lval | lval_rot | lval_rot+len | rval_bin | lval_bin | len_bin | bin(lval_rot+len) 
-----+-----+------+------+----------+--------------+----------+----------+---------+-------------------
 0   |   1 |    0 |    0 |        0 |            1 | 000      | 000      | 01      | 00001
 00  |   2 |    0 |    0 |        0 |            2 | 000      | 000      | 10      | 00010
 000 |   3 |    0 |    0 |        0 |            3 | 000      | 000      | 11      | 00011
 001 |   3 |    1 |    1 |        4 |            7 | 001      | 001      | 11      | 00111
 01  |   2 |    1 |    2 |        8 |           10 | 001      | 010      | 10      | 01010
 010 |   3 |    2 |    2 |        8 |           11 | 010      | 010      | 11      | 01011
 011 |   3 |    3 |    3 |       12 |           15 | 011      | 011      | 11      | 01111
 1   |   1 |    1 |    4 |       16 |           17 | 001      | 100      | 01      | 10001
 10  |   2 |    2 |    4 |       16 |           18 | 010      | 100      | 10      | 10010
 100 |   3 |    4 |    4 |       16 |           19 | 100      | 100      | 11      | 10011
 101 |   3 |    5 |    5 |       20 |           23 | 101      | 101      | 11      | 10111
 11  |   2 |    3 |    6 |       24 |           26 | 011      | 110      | 10      | 11010
 110 |   3 |    6 |    6 |       24 |           27 | 110      | 110      | 11      | 11011
 111 |   3 |    7 |    7 |       28 |           31 | 111      | 111      | 11      | 11111
(14 rows)

  s   | len | rval | lval | lval_rot | lval_rot+len | rval_bin | lval_bin | len_bin | bin(lval_rot+len) 
------+-----+------+------+----------+--------------+----------+----------+---------+-------------------
 0    |   1 |    0 |    0 |        0 |            1 | 0000     | 0000     | 001     | 0000001
 00   |   2 |    0 |    0 |        0 |            2 | 0000     | 0000     | 010     | 0000010
 000  |   3 |    0 |    0 |        0 |            3 | 0000     | 0000     | 011     | 0000011
 0000 |   4 |    0 |    0 |        0 |            4 | 0000     | 0000     | 100     | 0000100
 0001 |   4 |    1 |    1 |        8 |           12 | 0001     | 0001     | 100     | 0001100
 001  |   3 |    1 |    2 |       16 |           19 | 0001     | 0010     | 011     | 0010011
 0010 |   4 |    2 |    2 |       16 |           20 | 0010     | 0010     | 100     | 0010100
 0011 |   4 |    3 |    3 |       24 |           28 | 0011     | 0011     | 100     | 0011100
 01   |   2 |    1 |    4 |       32 |           34 | 0001     | 0100     | 010     | 0100010
 010  |   3 |    2 |    4 |       32 |           35 | 0010     | 0100     | 011     | 0100011
 0100 |   4 |    4 |    4 |       32 |           36 | 0100     | 0100     | 100     | 0100100
 0101 |   4 |    5 |    5 |       40 |           44 | 0101     | 0101     | 100     | 0101100
 011  |   3 |    3 |    6 |       48 |           51 | 0011     | 0110     | 011     | 0110011
 0110 |   4 |    6 |    6 |       48 |           52 | 0110     | 0110     | 100     | 0110100
 0111 |   4 |    7 |    7 |       56 |           60 | 0111     | 0111     | 100     | 0111100
 1    |   1 |    1 |    8 |       64 |           65 | 0001     | 1000     | 001     | 1000001
 10   |   2 |    2 |    8 |       64 |           66 | 0010     | 1000     | 010     | 1000010
 100  |   3 |    4 |    8 |       64 |           67 | 0100     | 1000     | 011     | 1000011
 1000 |   4 |    8 |    8 |       64 |           68 | 1000     | 1000     | 100     | 1000100
 1001 |   4 |    9 |    9 |       72 |           76 | 1001     | 1001     | 100     | 1001100
 101  |   3 |    5 |   10 |       80 |           83 | 0101     | 1010     | 011     | 1010011
 1010 |   4 |   10 |   10 |       80 |           84 | 1010     | 1010     | 100     | 1010100
 1011 |   4 |   11 |   11 |       88 |           92 | 1011     | 1011     | 100     | 1011100
 11   |   2 |    3 |   12 |       96 |           98 | 0011     | 1100     | 010     | 1100010
 110  |   3 |    6 |   12 |       96 |           99 | 0110     | 1100     | 011     | 1100011
 1100 |   4 |   12 |   12 |       96 |          100 | 1100     | 1100     | 100     | 1100100
 1101 |   4 |   13 |   13 |      104 |          108 | 1101     | 1101     | 100     | 1101100
 111  |   3 |    7 |   14 |      112 |          115 | 0111     | 1110     | 011     | 1110011
 1110 |   4 |   14 |   14 |      112 |          116 | 1110     | 1110     | 100     | 1110100
 1111 |   4 |   15 |   15 |      120 |          124 | 1111     | 1111     | 100     | 1111100
(30 rows)

